0,428
70,57
70,56
70,55
70,54
70,53
70,52
70,51
70,50
70,49
70,48
70,47
70,46
70,45
70,44
70,43
70,42
70,41
70,40
70,39
70,38
70,37
70,36
70,35
0,427
0,426
0,425
14,13
14,12
101,3
101,2
101,1
101,0
14,11
100,3
100,2
100,1
100,0
99,3
99,2
99,1
99,0
98,5
98,4
98,3
98,2
98,1
98,0
14,10
97,4
97,3
97,2
97,1
97,0
96,6
96,5
96,4
96,3
96,2
96,1
96,0
95,4
95,3
95,2
95,1
95,0
94,5
94,4
94,3
94,2
94,1
94,0
93,4
93,3
93,2
93,1
93,0
92,4
92,3
92,2
0,424
92,1
92,0
91,4
91,3
91,2
91,1
91,0
0,423
0,422
14,9
90,4
90,3
90,2
90,1
90,0
0,421
0,420
89,3
89,2
89,1
89,0
88,3
88,2
88,1
88,0
0,419
0,418
87,3
87,2
87,1
87,0
86,3
86,2
86,1
86,0
0,417
0,416
85,3
85,2
85,1
85,0
84,3
84,2
84,1
84,0
0,415
83,3
83,2
83,1
83,0
82,3
82,2
82,1
82,0
0,414
0,413
0,412
81,4
81,3
81,2
81,1
81,0
80,3
80,2
80,1
80,0
0,411
0,410
79,3
79,2
79,1
79,0
0,409
78,3
78,2
78,1
78,0
77,3
77,2
77,1
77,0
0,408
76,3
76,2
76,1
